45
8 5 6 5
6 8
3 -3 -0.5 0.8 -0.6 -3.6 4.8 -3 
-2.7 -4.9 -4 3.7 4.6 1.4 -3.7 4.2 
-4.9 4.1 5 -2.9 86.425 -1.9 86.525 4.3 
-97.975 3.9 4.9 30.3031 -176 -0.1 -208.205 34.925 
2.5 1.2 -43.275 -1.6 -3.5 2 -240.4 4.9 
-1.8 1.3 -223.3 -13.975 114.35 109 4.5 -3.5 
5 5
-0.1 0.2 4.9 1.7 -4.9 
-2.4 -0.7 -3.1 1.8 -1.5 
123.975 -87.225 104.7 1.5 -1.6 
-1.6 4.2 -113.438 -1.6 1.4 
-3 -0.6 4.9 -5 0.5 
5 6
3.9 1.2 -1.2 0.6 -3 -16.5938 
-6.1125 -0.9 -4.6 0.8 -14.825 270.156 
5 -1.6 0.2 -1.9 0.8 -132.622 
3.8 2.3 -2.3 -2.6 3.1 3.5 
-296 1.6 0.1 -3 -1.2 -4.2 
5 1
183.916 
1 
43.2852 
0.8 
0.5 
6 1
234.438 
-0.9 
53.3875 
190 
44.825 
0.7 
5 1
-0.8 
-181 
0.4 
-0.3 
-0.9 
